-26.51650429449553 -26.51650429449553 35.283018867924525
-26.51650429449553 -26.51650429449553 0.2830188679245283
-26.51650429449553 26.51650429449553 0.2830188679245283
26.51650429449553 26.51650429449553 0.2830188679245283
26.51650429449553 -26.51650429449553 0.2830188679245283
-26.51650429449553 -26.51650429449553 0.2830188679245283
-26.26650429449553 -26.26650429449553 -0.0
-26.26650429449553 26.26650429449553 -0.0
26.26650429449553 26.26650429449553 -0.0
26.26650429449553 -26.26650429449553 -0.0
-26.26650429449553 -26.26650429449553 -0.0
-26.01650429449553 -26.01650429449553 -0.2830188679245283
-26.01650429449553 26.01650429449553 -0.2830188679245283
26.01650429449553 26.01650429449553 -0.2830188679245283
26.01650429449553 -26.01650429449553 -0.2830188679245283
-26.01650429449553 -26.01650429449553 -0.2830188679245283
-25.76650429449553 -25.76650429449553 -0.5660377358490566
-25.76650429449553 25.76650429449553 -0.5660377358490566
25.76650429449553 25.76650429449553 -0.5660377358490566
25.76650429449553 -25.76650429449553 -0.5660377358490566
-25.76650429449553 -25.76650429449553 -0.5660377358490566
-25.51650429449553 -25.51650429449553 -0.8490566037735849
-25.51650429449553 25.51650429449553 -0.8490566037735849
25.51650429449553 25.51650429449553 -0.8490566037735849
25.51650429449553 -25.51650429449553 -0.8490566037735849
-25.51650429449553 -25.51650429449553 -0.8490566037735849
-25.26650429449553 -25.26650429449553 -1.1320754716981132
-25.26650429449553 25.26650429449553 -1.1320754716981132
25.26650429449553 25.26650429449553 -1.1320754716981132
25.26650429449553 -25.26650429449553 -1.1320754716981132
-25.26650429449553 -25.26650429449553 -1.1320754716981132
-25.01650429449553 -25.01650429449553 -1.4150943396226414
-25.01650429449553 25.01650429449553 -1.4150943396226414
25.01650429449553 25.01650429449553 -1.4150943396226414
25.01650429449553 -25.01650429449553 -1.4150943396226414
-25.01650429449553 -25.01650429449553 -1.4150943396226414
-24.76650429449553 -24.76650429449553 -1.6981132075471699
-24.76650429449553 24.76650429449553 -1.6981132075471699
24.76650429449553 24.76650429449553 -1.6981132075471699
24.76650429449553 -24.76650429449553 -1.6981132075471699
-24.76650429449553 -24.76650429449553 -1.6981132075471699
-24.51650429449553 -24.51650429449553 -1.9811320754716981
-24.51650429449553 24.51650429449553 -1.9811320754716981
24.51650429449553 24.51650429449553 -1.9811320754716981
24.51650429449553 -24.51650429449553 -1.9811320754716981
-24.51650429449553 -24.51650429449553 -1.9811320754716981
-24.26650429449553 -24.26650429449553 -2.2641509433962264
-24.26650429449553 24.26650429449553 -2.2641509433962264
24.26650429449553 24.26650429449553 -2.2641509433962264
24.26650429449553 -24.26650429449553 -2.2641509433962264
-24.26650429449553 -24.26650429449553 -2.2641509433962264
-24.01650429449553 -24.01650429449553 -2.547169811320755
-24.01650429449553 24.01650429449553 -2.547169811320755
24.01650429449553 24.01650429449553 -2.547169811320755
24.01650429449553 -24.01650429449553 -2.547169811320755
-24.01650429449553 -24.01650429449553 -2.547169811320755
-23.76650429449553 -23.76650429449553 -2.830188679245283
-23.76650429449553 23.76650429449553 -2.830188679245283
23.76650429449553 23.76650429449553 -2.830188679245283
23.76650429449553 -23.76650429449553 -2.830188679245283
-23.76650429449553 -23.76650429449553 -2.830188679245283
-23.51650429449553 -23.51650429449553 -3.1132075471698113
-23.51650429449553 23.51650429449553 -3.1132075471698113
23.51650429449553 23.51650429449553 -3.1132075471698113
23.51650429449553 -23.51650429449553 -3.1132075471698113
-23.51650429449553 -23.51650429449553 -3.1132075471698113
-23.26650429449553 -23.26650429449553 -3.3962264150943398
-23.26650429449553 23.26650429449553 -3.3962264150943398
23.26650429449553 23.26650429449553 -3.3962264150943398
23.26650429449553 -23.26650429449553 -3.3962264150943398
-23.26650429449553 -23.26650429449553 -3.3962264150943398
-23.01650429449553 -23.01650429449553 -3.6792452830188678
-23.01650429449553 23.01650429449553 -3.6792452830188678
23.01650429449553 23.01650429449553 -3.6792452830188678
23.01650429449553 -23.01650429449553 -3.6792452830188678
-23.01650429449553 -23.01650429449553 -3.6792452830188678
-22.76650429449553 -22.76650429449553 -3.9622641509433962
-22.76650429449553 22.76650429449553 -3.9622641509433962
22.76650429449553 22.76650429449553 -3.9622641509433962
22.76650429449553 -22.76650429449553 -3.9622641509433962
-22.76650429449553 -22.76650429449553 -3.9622641509433962
-22.51650429449553 -22.51650429449553 -4.245283018867925
-22.51650429449553 22.51650429449553 -4.245283018867925
22.51650429449553 22.51650429449553 -4.245283018867925
22.51650429449553 -22.51650429449553 -4.245283018867925
-22.51650429449553 -22.51650429449553 -4.245283018867925
-22.26650429449553 -22.26650429449553 -4.528301886792453
-22.26650429449553 22.26650429449553 -4.528301886792453
22.26650429449553 22.26650429449553 -4.528301886792453
22.26650429449553 -22.26650429449553 -4.528301886792453
-22.26650429449553 -22.26650429449553 -4.528301886792453
-22.01650429449553 -22.01650429449553 -4.811320754716981
-22.01650429449553 22.01650429449553 -4.811320754716981
22.01650429449553 22.01650429449553 -4.811320754716981
22.01650429449553 -22.01650429449553 -4.811320754716981
-22.01650429449553 -22.01650429449553 -4.811320754716981
-21.76650429449553 -21.76650429449553 -5.09433962264151
-21.76650429449553 21.76650429449553 -5.09433962264151
21.76650429449553 21.76650429449553 -5.09433962264151
21.76650429449553 -21.76650429449553 -5.09433962264151
-21.76650429449553 -21.76650429449553 -5.09433962264151
-21.51650429449553 -21.51650429449553 -5.377358490566038
-21.51650429449553 21.51650429449553 -5.377358490566038
21.51650429449553 21.51650429449553 -5.377358490566038
21.51650429449553 -21.51650429449553 -5.377358490566038
-21.51650429449553 -21.51650429449553 -5.377358490566038
-21.26650429449553 -21.26650429449553 -5.660377358490566
-21.26650429449553 21.26650429449553 -5.660377358490566
21.26650429449553 21.26650429449553 -5.660377358490566
21.26650429449553 -21.26650429449553 -5.660377358490566
-21.26650429449553 -21.26650429449553 -5.660377358490566
-21.01650429449553 -21.01650429449553 -5.943396226415095
-21.01650429449553 21.01650429449553 -5.943396226415095
21.01650429449553 21.01650429449553 -5.943396226415095
21.01650429449553 -21.01650429449553 -5.943396226415095
-21.01650429449553 -21.01650429449553 -5.943396226415095
-20.76650429449553 -20.76650429449553 -6.226415094339623
-20.76650429449553 20.76650429449553 -6.226415094339623
20.76650429449553 20.76650429449553 -6.226415094339623
20.76650429449553 -20.76650429449553 -6.226415094339623
-20.76650429449553 -20.76650429449553 -6.226415094339623
-20.51650429449553 -20.51650429449553 -6.509433962264151
-20.51650429449553 20.51650429449553 -6.509433962264151
20.51650429449553 20.51650429449553 -6.509433962264151
20.51650429449553 -20.51650429449553 -6.509433962264151
-20.51650429449553 -20.51650429449553 -6.509433962264151
-20.26650429449553 -20.26650429449553 -6.7924528301886795
-20.26650429449553 20.26650429449553 -6.7924528301886795
20.26650429449553 20.26650429449553 -6.7924528301886795
20.26650429449553 -20.26650429449553 -6.7924528301886795
-20.26650429449553 -20.26650429449553 -6.7924528301886795
-20.01650429449553 -20.01650429449553 -7.0754716981132075
-20.01650429449553 20.01650429449553 -7.0754716981132075
20.01650429449553 20.01650429449553 -7.0754716981132075
20.01650429449553 -20.01650429449553 -7.0754716981132075
-20.01650429449553 -20.01650429449553 -7.0754716981132075
-19.76650429449553 -19.76650429449553 -7.3584905660377355
-19.76650429449553 19.76650429449553 -7.3584905660377355
19.76650429449553 19.76650429449553 -7.3584905660377355
19.76650429449553 -19.76650429449553 -7.3584905660377355
-19.76650429449553 -19.76650429449553 -7.3584905660377355
-19.51650429449553 -19.51650429449553 -7.641509433962264
-19.51650429449553 19.51650429449553 -7.641509433962264
19.51650429449553 19.51650429449553 -7.641509433962264
19.51650429449553 -19.51650429449553 -7.641509433962264
-19.51650429449553 -19.51650429449553 -7.641509433962264
-19.26650429449553 -19.26650429449553 -7.9245283018867925
-19.26650429449553 19.26650429449553 -7.9245283018867925
19.26650429449553 19.26650429449553 -7.9245283018867925
19.26650429449553 -19.26650429449553 -7.9245283018867925
-19.26650429449553 -19.26650429449553 -7.9245283018867925
-19.01650429449553 -19.01650429449553 -8.20754716981132
-19.01650429449553 19.01650429449553 -8.20754716981132
19.01650429449553 19.01650429449553 -8.20754716981132
19.01650429449553 -19.01650429449553 -8.20754716981132
-19.01650429449553 -19.01650429449553 -8.20754716981132
-18.76650429449553 -18.76650429449553 -8.49056603773585
-18.76650429449553 18.76650429449553 -8.49056603773585
18.76650429449553 18.76650429449553 -8.49056603773585
18.76650429449553 -18.76650429449553 -8.49056603773585
-18.76650429449553 -18.76650429449553 -8.49056603773585
-18.51650429449553 -18.51650429449553 -8.773584905660377
-18.51650429449553 18.51650429449553 -8.773584905660377
18.51650429449553 18.51650429449553 -8.773584905660377
18.51650429449553 -18.51650429449553 -8.773584905660377
-18.51650429449553 -18.51650429449553 -8.773584905660377
-18.26650429449553 -18.26650429449553 -9.056603773584905
-18.26650429449553 18.26650429449553 -9.056603773584905
18.26650429449553 18.26650429449553 -9.056603773584905
18.26650429449553 -18.26650429449553 -9.056603773584905
-18.26650429449553 -18.26650429449553 -9.056603773584905
-18.01650429449553 -18.01650429449553 -9.339622641509434
-18.01650429449553 18.01650429449553 -9.339622641509434
18.01650429449553 18.01650429449553 -9.339622641509434
18.01650429449553 -18.01650429449553 -9.339622641509434
-18.01650429449553 -18.01650429449553 -9.339622641509434
-17.76650429449553 -17.76650429449553 -9.622641509433961
-17.76650429449553 17.76650429449553 -9.622641509433961
17.76650429449553 17.76650429449553 -9.622641509433961
17.76650429449553 -17.76650429449553 -9.622641509433961
-17.76650429449553 -17.76650429449553 -9.622641509433961
-17.51650429449553 -17.51650429449553 -9.90566037735849
-17.51650429449553 17.51650429449553 -9.90566037735849
17.51650429449553 17.51650429449553 -9.90566037735849
17.51650429449553 -17.51650429449553 -9.90566037735849
-17.51650429449553 -17.51650429449553 -9.90566037735849
-17.26650429449553 -17.26650429449553 -10.18867924528302
-17.26650429449553 17.26650429449553 -10.18867924528302
17.26650429449553 17.26650429449553 -10.18867924528302
17.26650429449553 -17.26650429449553 -10.18867924528302
-17.26650429449553 -17.26650429449553 -10.18867924528302
-17.01650429449553 -17.01650429449553 -10.471698113207546
-17.01650429449553 17.01650429449553 -10.471698113207546
17.01650429449553 17.01650429449553 -10.471698113207546
17.01650429449553 -17.01650429449553 -10.471698113207546
-17.01650429449553 -17.01650429449553 -10.471698113207546
-16.76650429449553 -16.76650429449553 -10.754716981132075
-16.76650429449553 16.76650429449553 -10.754716981132075
16.76650429449553 16.76650429449553 -10.754716981132075
16.76650429449553 -16.76650429449553 -10.754716981132075
-16.76650429449553 -16.76650429449553 -10.754716981132075
-16.51650429449553 -16.51650429449553 -11.037735849056604
-16.51650429449553 16.51650429449553 -11.037735849056604
16.51650429449553 16.51650429449553 -11.037735849056604
16.51650429449553 -16.51650429449553 -11.037735849056604
-16.51650429449553 -16.51650429449553 -11.037735849056604
-16.26650429449553 -16.26650429449553 -11.320754716981131
-16.26650429449553 16.26650429449553 -11.320754716981131
16.26650429449553 16.26650429449553 -11.320754716981131
16.26650429449553 -16.26650429449553 -11.320754716981131
-16.26650429449553 -16.26650429449553 -11.320754716981131
-16.01650429449553 -16.01650429449553 -11.60377358490566
-16.01650429449553 16.01650429449553 -11.60377358490566
16.01650429449553 16.01650429449553 -11.60377358490566
16.01650429449553 -16.01650429449553 -11.60377358490566
-16.01650429449553 -16.01650429449553 -11.60377358490566
-15.76650429449553 -15.76650429449553 -11.88679245283019
-15.76650429449553 15.76650429449553 -11.88679245283019
15.76650429449553 15.76650429449553 -11.88679245283019
15.76650429449553 -15.76650429449553 -11.88679245283019
-15.76650429449553 -15.76650429449553 -11.88679245283019
-15.51650429449553 -15.51650429449553 -12.169811320754716
-15.51650429449553 15.51650429449553 -12.169811320754716
15.51650429449553 15.51650429449553 -12.169811320754716
15.51650429449553 -15.51650429449553 -12.169811320754716
-15.51650429449553 -15.51650429449553 -12.169811320754716
-15.26650429449553 -15.26650429449553 -12.452830188679245
-15.26650429449553 15.26650429449553 -12.452830188679245
15.26650429449553 15.26650429449553 -12.452830188679245
15.26650429449553 -15.26650429449553 -12.452830188679245
-15.26650429449553 -15.26650429449553 -12.452830188679245
-15.01650429449553 -15.01650429449553 -12.735849056603774
-15.01650429449553 15.01650429449553 -12.735849056603774
15.01650429449553 15.01650429449553 -12.735849056603774
15.01650429449553 -15.01650429449553 -12.735849056603774
-15.01650429449553 -15.01650429449553 -12.735849056603774
-14.76650429449553 -14.76650429449553 -13.018867924528301
-14.76650429449553 14.76650429449553 -13.018867924528301
14.76650429449553 14.76650429449553 -13.018867924528301
14.76650429449553 -14.76650429449553 -13.018867924528301
-14.76650429449553 -14.76650429449553 -13.018867924528301
-14.51650429449553 -14.51650429449553 -13.30188679245283
-14.51650429449553 14.51650429449553 -13.30188679245283
14.51650429449553 14.51650429449553 -13.30188679245283
14.51650429449553 -14.51650429449553 -13.30188679245283
-14.51650429449553 -14.51650429449553 -13.30188679245283
-14.26650429449553 -14.26650429449553 -13.584905660377359
-14.26650429449553 14.26650429449553 -13.584905660377359
14.26650429449553 14.26650429449553 -13.584905660377359
14.26650429449553 -14.26650429449553 -13.584905660377359
-14.26650429449553 -14.26650429449553 -13.584905660377359
-14.01650429449553 -14.01650429449553 -13.867924528301886
-14.01650429449553 14.01650429449553 -13.867924528301886
14.01650429449553 14.01650429449553 -13.867924528301886
14.01650429449553 -14.01650429449553 -13.867924528301886
-14.01650429449553 -14.01650429449553 -13.867924528301886
-13.76650429449553 -13.76650429449553 -14.150943396226415
-13.76650429449553 13.76650429449553 -14.150943396226415
13.76650429449553 13.76650429449553 -14.150943396226415
13.76650429449553 -13.76650429449553 -14.150943396226415
-13.76650429449553 -13.76650429449553 -14.150943396226415
-13.51650429449553 -13.51650429449553 -14.433962264150942
-13.51650429449553 13.51650429449553 -14.433962264150942
13.51650429449553 13.51650429449553 -14.433962264150942
13.51650429449553 -13.51650429449553 -14.433962264150942
-13.51650429449553 -13.51650429449553 -14.433962264150942
-13.26650429449553 -13.26650429449553 -14.716981132075471
-13.26650429449553 13.26650429449553 -14.716981132075471
13.26650429449553 13.26650429449553 -14.716981132075471
13.26650429449553 -13.26650429449553 -14.716981132075471
-13.26650429449553 -13.26650429449553 -14.716981132075471
-13.01650429449553 -13.01650429449553 -15.0
-13.01650429449553 13.01650429449553 -15.0
13.01650429449553 13.01650429449553 -15.0
13.01650429449553 -13.01650429449553 -15.0
-13.01650429449553 -13.01650429449553 -15.0
-12.76650429449553 -12.76650429449553 -15.283018867924527
-12.76650429449553 12.76650429449553 -15.283018867924527
12.76650429449553 12.76650429449553 -15.283018867924527
12.76650429449553 -12.76650429449553 -15.283018867924527
-12.76650429449553 -12.76650429449553 -15.283018867924527
-12.51650429449553 -12.51650429449553 -15.566037735849056
-12.51650429449553 12.51650429449553 -15.566037735849056
12.51650429449553 12.51650429449553 -15.566037735849056
12.51650429449553 -12.51650429449553 -15.566037735849056
-12.51650429449553 -12.51650429449553 -15.566037735849056
-12.26650429449553 -12.26650429449553 -15.849056603773585
-12.26650429449553 12.26650429449553 -15.849056603773585
12.26650429449553 12.26650429449553 -15.849056603773585
12.26650429449553 -12.26650429449553 -15.849056603773585
-12.26650429449553 -12.26650429449553 -15.849056603773585
-12.01650429449553 -12.01650429449553 -16.132075471698112
-12.01650429449553 12.01650429449553 -16.132075471698112
12.01650429449553 12.01650429449553 -16.132075471698112
12.01650429449553 -12.01650429449553 -16.132075471698112
-12.01650429449553 -12.01650429449553 -16.132075471698112
-11.76650429449553 -11.76650429449553 -16.41509433962264
-11.76650429449553 11.76650429449553 -16.41509433962264
11.76650429449553 11.76650429449553 -16.41509433962264
11.76650429449553 -11.76650429449553 -16.41509433962264
-11.76650429449553 -11.76650429449553 -16.41509433962264
-11.51650429449553 -11.51650429449553 -16.69811320754717
-11.51650429449553 11.51650429449553 -16.69811320754717
11.51650429449553 11.51650429449553 -16.69811320754717
11.51650429449553 -11.51650429449553 -16.69811320754717
-11.51650429449553 -11.51650429449553 -16.69811320754717
-11.26650429449553 -11.26650429449553 -16.9811320754717
-11.26650429449553 11.26650429449553 -16.9811320754717
11.26650429449553 11.26650429449553 -16.9811320754717
11.26650429449553 -11.26650429449553 -16.9811320754717
-11.26650429449553 -11.26650429449553 -16.9811320754717
-11.01650429449553 -11.01650429449553 -17.264150943396228
-11.01650429449553 11.01650429449553 -17.264150943396228
11.01650429449553 11.01650429449553 -17.264150943396228
11.01650429449553 -11.01650429449553 -17.264150943396228
-11.01650429449553 -11.01650429449553 -17.264150943396228
-10.76650429449553 -10.76650429449553 -17.547169811320753
-10.76650429449553 10.76650429449553 -17.547169811320753
10.76650429449553 10.76650429449553 -17.547169811320753
10.76650429449553 -10.76650429449553 -17.547169811320753
-10.76650429449553 -10.76650429449553 -17.547169811320753
-10.51650429449553 -10.51650429449553 -17.830188679245282
-10.51650429449553 10.51650429449553 -17.830188679245282
10.51650429449553 10.51650429449553 -17.830188679245282
10.51650429449553 -10.51650429449553 -17.830188679245282
-10.51650429449553 -10.51650429449553 -17.830188679245282
-10.26650429449553 -10.26650429449553 -18.11320754716981
-10.26650429449553 10.26650429449553 -18.11320754716981
10.26650429449553 10.26650429449553 -18.11320754716981
10.26650429449553 -10.26650429449553 -18.11320754716981
-10.26650429449553 -10.26650429449553 -18.11320754716981
-10.01650429449553 -10.01650429449553 -18.39622641509434
-10.01650429449553 10.01650429449553 -18.39622641509434
10.01650429449553 10.01650429449553 -18.39622641509434
10.01650429449553 -10.01650429449553 -18.39622641509434
-10.01650429449553 -10.01650429449553 -18.39622641509434
-9.76650429449553 -9.76650429449553 -18.67924528301887
-9.76650429449553 9.76650429449553 -18.67924528301887
9.76650429449553 9.76650429449553 -18.67924528301887
9.76650429449553 -9.76650429449553 -18.67924528301887
-9.76650429449553 -9.76650429449553 -18.67924528301887
-9.51650429449553 -9.51650429449553 -18.962264150943394
-9.51650429449553 9.51650429449553 -18.962264150943394
9.51650429449553 9.51650429449553 -18.962264150943394
9.51650429449553 -9.51650429449553 -18.962264150943394
-9.51650429449553 -9.51650429449553 -18.962264150943394
-9.26650429449553 -9.26650429449553 -19.245283018867923
-9.26650429449553 9.26650429449553 -19.245283018867923
9.26650429449553 9.26650429449553 -19.245283018867923
9.26650429449553 -9.26650429449553 -19.245283018867923
-9.26650429449553 -9.26650429449553 -19.245283018867923
-9.01650429449553 -9.01650429449553 -19.528301886792452
-9.01650429449553 9.01650429449553 -19.528301886792452
9.01650429449553 9.01650429449553 -19.528301886792452
9.01650429449553 -9.01650429449553 -19.528301886792452
-9.01650429449553 -9.01650429449553 -19.528301886792452
-8.76650429449553 -8.76650429449553 -19.81132075471698
-8.76650429449553 8.76650429449553 -19.81132075471698
8.76650429449553 8.76650429449553 -19.81132075471698
8.76650429449553 -8.76650429449553 -19.81132075471698
-8.76650429449553 -8.76650429449553 -19.81132075471698
-8.51650429449553 -8.51650429449553 -20.09433962264151
-8.51650429449553 8.51650429449553 -20.09433962264151
8.51650429449553 8.51650429449553 -20.09433962264151
8.51650429449553 -8.51650429449553 -20.09433962264151
-8.51650429449553 -8.51650429449553 -20.09433962264151
-8.26650429449553 -8.26650429449553 -20.37735849056604
-8.26650429449553 8.26650429449553 -20.37735849056604
8.26650429449553 8.26650429449553 -20.37735849056604
8.26650429449553 -8.26650429449553 -20.37735849056604
-8.26650429449553 -8.26650429449553 -20.37735849056604
-8.01650429449553 -8.01650429449553 -20.660377358490564
-8.01650429449553 8.01650429449553 -20.660377358490564
8.01650429449553 8.01650429449553 -20.660377358490564
8.01650429449553 -8.01650429449553 -20.660377358490564
-8.01650429449553 -8.01650429449553 -20.660377358490564
-7.76650429449553 -7.76650429449553 -20.943396226415093
-7.76650429449553 7.76650429449553 -20.943396226415093
7.76650429449553 7.76650429449553 -20.943396226415093
7.76650429449553 -7.76650429449553 -20.943396226415093
-7.76650429449553 -7.76650429449553 -20.943396226415093
-7.51650429449553 -7.51650429449553 -21.22641509433962
-7.51650429449553 7.51650429449553 -21.22641509433962
7.51650429449553 7.51650429449553 -21.22641509433962
7.51650429449553 -7.51650429449553 -21.22641509433962
-7.51650429449553 -7.51650429449553 -21.22641509433962
-7.26650429449553 -7.26650429449553 -21.50943396226415
-7.26650429449553 7.26650429449553 -21.50943396226415
7.26650429449553 7.26650429449553 -21.50943396226415
7.26650429449553 -7.26650429449553 -21.50943396226415
-7.26650429449553 -7.26650429449553 -21.50943396226415
-7.01650429449553 -7.01650429449553 -21.79245283018868
-7.01650429449553 7.01650429449553 -21.79245283018868
7.01650429449553 7.01650429449553 -21.79245283018868
7.01650429449553 -7.01650429449553 -21.79245283018868
-7.01650429449553 -7.01650429449553 -21.79245283018868
-6.76650429449553 -6.76650429449553 -22.07547169811321
-6.76650429449553 6.76650429449553 -22.07547169811321
6.76650429449553 6.76650429449553 -22.07547169811321
6.76650429449553 -6.76650429449553 -22.07547169811321
-6.76650429449553 -6.76650429449553 -22.07547169811321
-6.51650429449553 -6.51650429449553 -22.358490566037734
-6.51650429449553 6.51650429449553 -22.358490566037734
6.51650429449553 6.51650429449553 -22.358490566037734
6.51650429449553 -6.51650429449553 -22.358490566037734
-6.51650429449553 -6.51650429449553 -22.358490566037734
-6.26650429449553 -6.26650429449553 -22.641509433962263
-6.26650429449553 6.26650429449553 -22.641509433962263
6.26650429449553 6.26650429449553 -22.641509433962263
6.26650429449553 -6.26650429449553 -22.641509433962263
-6.26650429449553 -6.26650429449553 -22.641509433962263
-6.01650429449553 -6.01650429449553 -22.92452830188679
-6.01650429449553 6.01650429449553 -22.92452830188679
6.01650429449553 6.01650429449553 -22.92452830188679
6.01650429449553 -6.01650429449553 -22.92452830188679
-6.01650429449553 -6.01650429449553 -22.92452830188679
-5.76650429449553 -5.76650429449553 -23.20754716981132
-5.76650429449553 5.76650429449553 -23.20754716981132
5.76650429449553 5.76650429449553 -23.20754716981132
5.76650429449553 -5.76650429449553 -23.20754716981132
-5.76650429449553 -5.76650429449553 -23.20754716981132
-5.51650429449553 -5.51650429449553 -23.49056603773585
-5.51650429449553 5.51650429449553 -23.49056603773585
5.51650429449553 5.51650429449553 -23.49056603773585
5.51650429449553 -5.51650429449553 -23.49056603773585
-5.51650429449553 -5.51650429449553 -23.49056603773585
-5.26650429449553 -5.26650429449553 -23.77358490566038
-5.26650429449553 5.26650429449553 -23.77358490566038
5.26650429449553 5.26650429449553 -23.77358490566038
5.26650429449553 -5.26650429449553 -23.77358490566038
-5.26650429449553 -5.26650429449553 -23.77358490566038
-5.01650429449553 -5.01650429449553 -24.056603773584904
-5.01650429449553 5.01650429449553 -24.056603773584904
5.01650429449553 5.01650429449553 -24.056603773584904
5.01650429449553 -5.01650429449553 -24.056603773584904
-5.01650429449553 -5.01650429449553 -24.056603773584904
-4.76650429449553 -4.76650429449553 -24.339622641509433
-4.76650429449553 4.76650429449553 -24.339622641509433
4.76650429449553 4.76650429449553 -24.339622641509433
4.76650429449553 -4.76650429449553 -24.339622641509433
-4.76650429449553 -4.76650429449553 -24.339622641509433
-4.51650429449553 -4.51650429449553 -24.62264150943396
-4.51650429449553 4.51650429449553 -24.62264150943396
4.51650429449553 4.51650429449553 -24.62264150943396
4.51650429449553 -4.51650429449553 -24.62264150943396
-4.51650429449553 -4.51650429449553 -24.62264150943396
-4.26650429449553 -4.26650429449553 -24.90566037735849
-4.26650429449553 4.26650429449553 -24.90566037735849
4.26650429449553 4.26650429449553 -24.90566037735849
4.26650429449553 -4.26650429449553 -24.90566037735849
-4.26650429449553 -4.26650429449553 -24.90566037735849
-4.01650429449553 -4.01650429449553 -25.18867924528302
-4.01650429449553 4.01650429449553 -25.18867924528302
4.01650429449553 4.01650429449553 -25.18867924528302
4.01650429449553 -4.01650429449553 -25.18867924528302
-4.01650429449553 -4.01650429449553 -25.18867924528302
-3.7665042944955296 -3.7665042944955296 -25.471698113207548
-3.7665042944955296 3.7665042944955296 -25.471698113207548
3.7665042944955296 3.7665042944955296 -25.471698113207548
3.7665042944955296 -3.7665042944955296 -25.471698113207548
-3.7665042944955296 -3.7665042944955296 -25.471698113207548
-3.5165042944955296 -3.5165042944955296 -25.754716981132074
-3.5165042944955296 3.5165042944955296 -25.754716981132074
3.5165042944955296 3.5165042944955296 -25.754716981132074
3.5165042944955296 -3.5165042944955296 -25.754716981132074
-3.5165042944955296 -3.5165042944955296 -25.754716981132074
-3.2665042944955296 -3.2665042944955296 -26.037735849056602
-3.2665042944955296 3.2665042944955296 -26.037735849056602
3.2665042944955296 3.2665042944955296 -26.037735849056602
3.2665042944955296 -3.2665042944955296 -26.037735849056602
-3.2665042944955296 -3.2665042944955296 -26.037735849056602
-3.0165042944955296 -3.0165042944955296 -26.32075471698113
-3.0165042944955296 3.0165042944955296 -26.32075471698113
3.0165042944955296 3.0165042944955296 -26.32075471698113
3.0165042944955296 -3.0165042944955296 -26.32075471698113
-3.0165042944955296 -3.0165042944955296 -26.32075471698113
-2.7665042944955296 -2.7665042944955296 -26.60377358490566
-2.7665042944955296 2.7665042944955296 -26.60377358490566
2.7665042944955296 2.7665042944955296 -26.60377358490566
2.7665042944955296 -2.7665042944955296 -26.60377358490566
-2.7665042944955296 -2.7665042944955296 -26.60377358490566
-2.5165042944955296 -2.5165042944955296 -26.88679245283019
-2.5165042944955296 2.5165042944955296 -26.88679245283019
2.5165042944955296 2.5165042944955296 -26.88679245283019
2.5165042944955296 -2.5165042944955296 -26.88679245283019
-2.5165042944955296 -2.5165042944955296 -26.88679245283019
-2.2665042944955296 -2.2665042944955296 -27.169811320754718
-2.2665042944955296 2.2665042944955296 -27.169811320754718
2.2665042944955296 2.2665042944955296 -27.169811320754718
2.2665042944955296 -2.2665042944955296 -27.169811320754718
-2.2665042944955296 -2.2665042944955296 -27.169811320754718
-2.0165042944955296 -2.0165042944955296 -27.452830188679243
-2.0165042944955296 2.0165042944955296 -27.452830188679243
2.0165042944955296 2.0165042944955296 -27.452830188679243
2.0165042944955296 -2.0165042944955296 -27.452830188679243
-2.0165042944955296 -2.0165042944955296 -27.452830188679243
-1.7665042944955296 -1.7665042944955296 -27.735849056603772
-1.7665042944955296 1.7665042944955296 -27.735849056603772
1.7665042944955296 1.7665042944955296 -27.735849056603772
1.7665042944955296 -1.7665042944955296 -27.735849056603772
-1.7665042944955296 -1.7665042944955296 -27.735849056603772
-1.5165042944955296 -1.5165042944955296 -28.0188679245283
-1.5165042944955296 1.5165042944955296 -28.0188679245283
1.5165042944955296 1.5165042944955296 -28.0188679245283
1.5165042944955296 -1.5165042944955296 -28.0188679245283
-1.5165042944955296 -1.5165042944955296 -28.0188679245283
-1.2665042944955296 -1.2665042944955296 -28.30188679245283
-1.2665042944955296 1.2665042944955296 -28.30188679245283
1.2665042944955296 1.2665042944955296 -28.30188679245283
1.2665042944955296 -1.2665042944955296 -28.30188679245283
-1.2665042944955296 -1.2665042944955296 -28.30188679245283
-1.0165042944955296 -1.0165042944955296 -28.58490566037736
-1.0165042944955296 1.0165042944955296 -28.58490566037736
1.0165042944955296 1.0165042944955296 -28.58490566037736
1.0165042944955296 -1.0165042944955296 -28.58490566037736
-1.0165042944955296 -1.0165042944955296 -28.58490566037736
-0.7665042944955296 -0.7665042944955296 -28.867924528301884
-0.7665042944955296 0.7665042944955296 -28.867924528301884
0.7665042944955296 0.7665042944955296 -28.867924528301884
0.7665042944955296 -0.7665042944955296 -28.867924528301884
-0.7665042944955296 -0.7665042944955296 -28.867924528301884
-0.5165042944955296 -0.5165042944955296 -29.150943396226413
-0.5165042944955296 0.5165042944955296 -29.150943396226413
0.5165042944955296 0.5165042944955296 -29.150943396226413
0.5165042944955296 -0.5165042944955296 -29.150943396226413
-0.5165042944955296 -0.5165042944955296 -29.150943396226413
-0.2665042944955296 -0.2665042944955296 -29.433962264150942
-0.2665042944955296 0.2665042944955296 -29.433962264150942
0.2665042944955296 0.2665042944955296 -29.433962264150942
0.2665042944955296 -0.2665042944955296 -29.433962264150942
-0.2665042944955296 -0.2665042944955296 -29.433962264150942
