0.0 50.0 35.138888888888886
0.0 50.0 0.1388888888888889
-43.30127018922194 -25.0 0.1388888888888889
43.30127018922194 -25.0 0.1388888888888889
0.0 50.0 0.1388888888888889
0.0 49.8 -0.0
-43.101270189221935 -24.85857864376269 -0.0
43.101270189221935 -24.85857864376269 -0.0
0.0 49.8 -0.0
0.0 49.6 -0.1388888888888889
-42.90127018922194 -24.71715728752538 -0.1388888888888889
42.90127018922194 -24.71715728752538 -0.1388888888888889
0.0 49.6 -0.1388888888888889
0.0 49.4 -0.2777777777777778
-42.70127018922194 -24.575735931288072 -0.2777777777777778
42.70127018922194 -24.575735931288072 -0.2777777777777778
0.0 49.4 -0.2777777777777778
0.0 49.2 -0.4166666666666667
-42.50127018922194 -24.434314575050763 -0.4166666666666667
42.50127018922194 -24.434314575050763 -0.4166666666666667
0.0 49.2 -0.4166666666666667
0.0 49.0 -0.5555555555555556
-42.30127018922194 -24.292893218813454 -0.5555555555555556
42.30127018922194 -24.292893218813454 -0.5555555555555556
0.0 49.0 -0.5555555555555556
0.0 48.8 -0.6944444444444444
-42.101270189221935 -24.151471862576145 -0.6944444444444444
42.101270189221935 -24.151471862576145 -0.6944444444444444
0.0 48.8 -0.6944444444444444
0.0 48.6 -0.8333333333333334
-41.90127018922194 -24.010050506338832 -0.8333333333333334
41.90127018922194 -24.010050506338832 -0.8333333333333334
0.0 48.6 -0.8333333333333334
0.0 48.4 -0.9722222222222223
-41.70127018922194 -23.868629150101523 -0.9722222222222223
41.70127018922194 -23.868629150101523 -0.9722222222222223
0.0 48.4 -0.9722222222222223
0.0 48.2 -1.1111111111111112
-41.50127018922194 -23.727207793864213 -1.1111111111111112
41.50127018922194 -23.727207793864213 -1.1111111111111112
0.0 48.2 -1.1111111111111112
0.0 48.0 -1.25
-41.30127018922194 -23.585786437626904 -1.25
41.30127018922194 -23.585786437626904 -1.25
0.0 48.0 -1.25
0.0 47.8 -1.3888888888888888
-41.101270189221935 -23.444365081389595 -1.3888888888888888
41.101270189221935 -23.444365081389595 -1.3888888888888888
0.0 47.8 -1.3888888888888888
0.0 47.6 -1.527777777777778
-40.90127018922194 -23.302943725152286 -1.527777777777778
40.90127018922194 -23.302943725152286 -1.527777777777778
0.0 47.6 -1.527777777777778
0.0 47.4 -1.6666666666666667
-40.70127018922194 -23.161522368914977 -1.6666666666666667
40.70127018922194 -23.161522368914977 -1.6666666666666667
0.0 47.4 -1.6666666666666667
0.0 47.2 -1.8055555555555556
-40.50127018922194 -23.020101012677667 -1.8055555555555556
40.50127018922194 -23.020101012677667 -1.8055555555555556
0.0 47.2 -1.8055555555555556
0.0 47.0 -1.9444444444444446
-40.30127018922194 -22.878679656440358 -1.9444444444444446
40.30127018922194 -22.878679656440358 -1.9444444444444446
0.0 47.0 -1.9444444444444446
0.0 46.8 -2.0833333333333335
-40.101270189221935 -22.73725830020305 -2.0833333333333335
40.101270189221935 -22.73725830020305 -2.0833333333333335
0.0 46.8 -2.0833333333333335
0.0 46.6 -2.2222222222222223
-39.90127018922194 -22.59583694396574 -2.2222222222222223
39.90127018922194 -22.59583694396574 -2.2222222222222223
0.0 46.6 -2.2222222222222223
0.0 46.4 -2.361111111111111
-39.70127018922194 -22.45441558772843 -2.361111111111111
39.70127018922194 -22.45441558772843 -2.361111111111111
0.0 46.4 -2.361111111111111
0.0 46.2 -2.5
-39.50127018922194 -22.312994231491118 -2.5
39.50127018922194 -22.312994231491118 -2.5
0.0 46.2 -2.5
0.0 46.0 -2.638888888888889
-39.30127018922194 -22.17157287525381 -2.638888888888889
39.30127018922194 -22.17157287525381 -2.638888888888889
0.0 46.0 -2.638888888888889
0.0 45.8 -2.7777777777777777
-39.101270189221935 -22.0301515190165 -2.7777777777777777
39.101270189221935 -22.0301515190165 -2.7777777777777777
0.0 45.8 -2.7777777777777777
0.0 45.6 -2.916666666666667
-38.90127018922194 -21.88873016277919 -2.916666666666667
38.90127018922194 -21.88873016277919 -2.916666666666667
0.0 45.6 -2.916666666666667
0.0 45.4 -3.055555555555556
-38.70127018922194 -21.74730880654188 -3.055555555555556
38.70127018922194 -21.74730880654188 -3.055555555555556
0.0 45.4 -3.055555555555556
0.0 45.2 -3.1944444444444446
-38.50127018922194 -21.60588745030457 -3.1944444444444446
38.50127018922194 -21.60588745030457 -3.1944444444444446
0.0 45.2 -3.1944444444444446
0.0 45.0 -3.3333333333333335
-38.30127018922194 -21.464466094067262 -3.3333333333333335
38.30127018922194 -21.464466094067262 -3.3333333333333335
0.0 45.0 -3.3333333333333335
0.0 44.8 -3.4722222222222223
-38.101270189221935 -21.323044737829953 -3.4722222222222223
38.101270189221935 -21.323044737829953 -3.4722222222222223
0.0 44.8 -3.4722222222222223
0.0 44.6 -3.611111111111111
-37.90127018922194 -21.181623381592644 -3.611111111111111
37.90127018922194 -21.181623381592644 -3.611111111111111
0.0 44.6 -3.611111111111111
0.0 44.4 -3.75
-37.70127018922194 -21.040202025355335 -3.75
37.70127018922194 -21.040202025355335 -3.75
0.0 44.4 -3.75
0.0 44.2 -3.8888888888888893
-37.50127018922194 -20.898780669118025 -3.8888888888888893
37.50127018922194 -20.898780669118025 -3.8888888888888893
0.0 44.2 -3.8888888888888893
0.0 44.0 -4.027777777777778
-37.30127018922194 -20.757359312880716 -4.027777777777778
37.30127018922194 -20.757359312880716 -4.027777777777778
0.0 44.0 -4.027777777777778
0.0 43.8 -4.166666666666667
-37.101270189221935 -20.615937956643407 -4.166666666666667
37.101270189221935 -20.615937956643407 -4.166666666666667
0.0 43.8 -4.166666666666667
0.0 43.6 -4.305555555555555
-36.90127018922194 -20.474516600406098 -4.305555555555555
36.90127018922194 -20.474516600406098 -4.305555555555555
0.0 43.6 -4.305555555555555
0.0 43.4 -4.444444444444445
-36.70127018922194 -20.33309524416879 -4.444444444444445
36.70127018922194 -20.33309524416879 -4.444444444444445
0.0 43.4 -4.444444444444445
0.0 43.2 -4.583333333333334
-36.50127018922194 -20.191673887931476 -4.583333333333334
36.50127018922194 -20.191673887931476 -4.583333333333334
0.0 43.2 -4.583333333333334
0.0 43.0 -4.722222222222222
-36.30127018922194 -20.050252531694166 -4.722222222222222
36.30127018922194 -20.050252531694166 -4.722222222222222
0.0 43.0 -4.722222222222222
0.0 42.8 -4.861111111111112
-36.101270189221935 -19.908831175456857 -4.861111111111112
36.101270189221935 -19.908831175456857 -4.861111111111112
0.0 42.8 -4.861111111111112
0.0 42.6 -5.0
-35.90127018922194 -19.767409819219548 -5.0
35.90127018922194 -19.767409819219548 -5.0
0.0 42.6 -5.0
0.0 42.4 -5.138888888888889
-35.70127018922194 -19.62598846298224 -5.138888888888889
35.70127018922194 -19.62598846298224 -5.138888888888889
0.0 42.4 -5.138888888888889
0.0 42.2 -5.277777777777778
-35.50127018922194 -19.48456710674493 -5.277777777777778
35.50127018922194 -19.48456710674493 -5.277777777777778
0.0 42.2 -5.277777777777778
0.0 42.0 -5.416666666666667
-35.30127018922194 -19.34314575050762 -5.416666666666667
35.30127018922194 -19.34314575050762 -5.416666666666667
0.0 42.0 -5.416666666666667
0.0 41.8 -5.555555555555555
-35.101270189221935 -19.20172439427031 -5.555555555555555
35.101270189221935 -19.20172439427031 -5.555555555555555
0.0 41.8 -5.555555555555555
0.0 41.6 -5.694444444444445
-34.90127018922194 -19.060303038033002 -5.694444444444445
34.90127018922194 -19.060303038033002 -5.694444444444445
0.0 41.6 -5.694444444444445
0.0 41.4 -5.833333333333334
-34.70127018922194 -18.918881681795693 -5.833333333333334
34.70127018922194 -18.918881681795693 -5.833333333333334
0.0 41.4 -5.833333333333334
0.0 41.2 -5.972222222222222
-34.50127018922194 -18.77746032555838 -5.972222222222222
34.50127018922194 -18.77746032555838 -5.972222222222222
0.0 41.2 -5.972222222222222
0.0 41.0 -6.111111111111112
-34.30127018922194 -18.63603896932107 -6.111111111111112
34.30127018922194 -18.63603896932107 -6.111111111111112
0.0 41.0 -6.111111111111112
0.0 40.8 -6.25
-34.101270189221935 -18.49461761308376 -6.25
34.101270189221935 -18.49461761308376 -6.25
0.0 40.8 -6.25
0.0 40.6 -6.388888888888889
-33.90127018922194 -18.353196256846452 -6.388888888888889
33.90127018922194 -18.353196256846452 -6.388888888888889
0.0 40.6 -6.388888888888889
0.0 40.4 -6.527777777777778
-33.70127018922194 -18.211774900609143 -6.527777777777778
33.70127018922194 -18.211774900609143 -6.527777777777778
0.0 40.4 -6.527777777777778
0.0 40.2 -6.666666666666667
-33.50127018922194 -18.070353544371834 -6.666666666666667
33.50127018922194 -18.070353544371834 -6.666666666666667
0.0 40.2 -6.666666666666667
0.0 40.0 -6.805555555555556
-33.30127018922194 -17.928932188134524 -6.805555555555556
33.30127018922194 -17.928932188134524 -6.805555555555556
0.0 40.0 -6.805555555555556
0.0 39.8 -6.944444444444445
-33.101270189221935 -17.787510831897215 -6.944444444444445
33.101270189221935 -17.787510831897215 -6.944444444444445
0.0 39.8 -6.944444444444445
0.0 39.6 -7.083333333333334
-32.90127018922194 -17.646089475659906 -7.083333333333334
32.90127018922194 -17.646089475659906 -7.083333333333334
0.0 39.6 -7.083333333333334
0.0 39.4 -7.222222222222222
-32.70127018922194 -17.504668119422597 -7.222222222222222
32.70127018922194 -17.504668119422597 -7.222222222222222
0.0 39.4 -7.222222222222222
0.0 39.2 -7.361111111111112
-32.50127018922194 -17.363246763185288 -7.361111111111112
32.50127018922194 -17.363246763185288 -7.361111111111112
0.0 39.2 -7.361111111111112
0.0 39.0 -7.5
-32.30127018922194 -17.22182540694798 -7.5
32.30127018922194 -17.22182540694798 -7.5
0.0 39.0 -7.5
0.0 38.8 -7.638888888888889
-32.101270189221935 -17.08040405071067 -7.638888888888889
32.101270189221935 -17.08040405071067 -7.638888888888889
0.0 38.8 -7.638888888888889
0.0 38.6 -7.777777777777779
-31.90127018922194 -16.93898269447336 -7.777777777777779
31.90127018922194 -16.93898269447336 -7.777777777777779
0.0 38.6 -7.777777777777779
0.0 38.4 -7.916666666666667
-31.701270189221937 -16.79756133823605 -7.916666666666667
31.701270189221937 -16.79756133823605 -7.916666666666667
0.0 38.4 -7.916666666666667
0.0 38.2 -8.055555555555555
-31.501270189221938 -16.65613998199874 -8.055555555555555
31.501270189221938 -16.65613998199874 -8.055555555555555
0.0 38.2 -8.055555555555555
0.0 38.0 -8.194444444444445
-31.30127018922194 -16.514718625761432 -8.194444444444445
31.30127018922194 -16.514718625761432 -8.194444444444445
0.0 38.0 -8.194444444444445
0.0 37.8 -8.333333333333334
-31.101270189221935 -16.37329726952412 -8.333333333333334
31.101270189221935 -16.37329726952412 -8.333333333333334
0.0 37.8 -8.333333333333334
0.0 37.6 -8.472222222222223
-30.90127018922194 -16.23187591328681 -8.472222222222223
30.90127018922194 -16.23187591328681 -8.472222222222223
0.0 37.6 -8.472222222222223
0.0 37.4 -8.61111111111111
-30.701270189221937 -16.0904545570495 -8.61111111111111
30.701270189221937 -16.0904545570495 -8.61111111111111
0.0 37.4 -8.61111111111111
0.0 37.2 -8.75
-30.501270189221938 -15.949033200812192 -8.75
30.501270189221938 -15.949033200812192 -8.75
0.0 37.2 -8.75
0.0 37.0 -8.88888888888889
-30.30127018922194 -15.807611844574883 -8.88888888888889
30.30127018922194 -15.807611844574883 -8.88888888888889
0.0 37.0 -8.88888888888889
0.0 36.8 -9.027777777777779
-30.101270189221935 -15.666190488337573 -9.027777777777779
30.101270189221935 -15.666190488337573 -9.027777777777779
0.0 36.8 -9.027777777777779
0.0 36.6 -9.166666666666668
-29.90127018922194 -15.524769132100264 -9.166666666666668
29.90127018922194 -15.524769132100264 -9.166666666666668
0.0 36.6 -9.166666666666668
0.0 36.4 -9.305555555555555
-29.701270189221937 -15.383347775862953 -9.305555555555555
29.701270189221937 -15.383347775862953 -9.305555555555555
0.0 36.4 -9.305555555555555
0.0 36.2 -9.444444444444445
-29.501270189221938 -15.241926419625644 -9.444444444444445
29.501270189221938 -15.241926419625644 -9.444444444444445
0.0 36.2 -9.444444444444445
0.0 36.0 -9.583333333333334
-29.30127018922194 -15.100505063388335 -9.583333333333334
29.30127018922194 -15.100505063388335 -9.583333333333334
0.0 36.0 -9.583333333333334
0.0 35.8 -9.722222222222223
-29.101270189221935 -14.959083707151025 -9.722222222222223
29.101270189221935 -14.959083707151025 -9.722222222222223
0.0 35.8 -9.722222222222223
0.0 35.6 -9.86111111111111
-28.90127018922194 -14.817662350913716 -9.86111111111111
28.90127018922194 -14.817662350913716 -9.86111111111111
0.0 35.6 -9.86111111111111
0.0 35.4 -10.0
-28.701270189221937 -14.676240994676407 -10.0
28.701270189221937 -14.676240994676407 -10.0
0.0 35.4 -10.0
0.0 35.2 -10.13888888888889
-28.501270189221938 -14.534819638439096 -10.13888888888889
28.501270189221938 -14.534819638439096 -10.13888888888889
0.0 35.2 -10.13888888888889
0.0 35.0 -10.277777777777779
-28.30127018922194 -14.393398282201787 -10.277777777777779
28.30127018922194 -14.393398282201787 -10.277777777777779
0.0 35.0 -10.277777777777779
0.0 34.8 -10.416666666666668
-28.101270189221935 -14.251976925964478 -10.416666666666668
28.101270189221935 -14.251976925964478 -10.416666666666668
0.0 34.8 -10.416666666666668
0.0 34.6 -10.555555555555555
-27.90127018922194 -14.110555569727168 -10.555555555555555
27.90127018922194 -14.110555569727168 -10.555555555555555
0.0 34.6 -10.555555555555555
0.0 34.4 -10.694444444444445
-27.701270189221937 -13.969134213489859 -10.694444444444445
27.701270189221937 -13.969134213489859 -10.694444444444445
0.0 34.4 -10.694444444444445
0.0 34.2 -10.833333333333334
-27.501270189221938 -13.82771285725255 -10.833333333333334
27.501270189221938 -13.82771285725255 -10.833333333333334
0.0 34.2 -10.833333333333334
0.0 34.0 -10.972222222222223
-27.30127018922194 -13.68629150101524 -10.972222222222223
27.30127018922194 -13.68629150101524 -10.972222222222223
0.0 34.0 -10.972222222222223
0.0 33.8 -11.11111111111111
-27.10127018922194 -13.54487014477793 -11.11111111111111
27.10127018922194 -13.54487014477793 -11.11111111111111
0.0 33.8 -11.11111111111111
0.0 33.599999999999994 -11.25
-26.901270189221936 -13.40344878854062 -11.25
26.901270189221936 -13.40344878854062 -11.25
0.0 33.599999999999994 -11.25
0.0 33.4 -11.38888888888889
-26.701270189221937 -13.262027432303311 -11.38888888888889
26.701270189221937 -13.262027432303311 -11.38888888888889
0.0 33.4 -11.38888888888889
0.0 33.2 -11.527777777777779
-26.501270189221938 -13.120606076066002 -11.527777777777779
26.501270189221938 -13.120606076066002 -11.527777777777779
0.0 33.2 -11.527777777777779
0.0 33.0 -11.666666666666668
-26.30127018922194 -12.979184719828693 -11.666666666666668
26.30127018922194 -12.979184719828693 -11.666666666666668
0.0 33.0 -11.666666666666668
0.0 32.8 -11.805555555555555
-26.10127018922194 -12.837763363591383 -11.805555555555555
26.10127018922194 -12.837763363591383 -11.805555555555555
0.0 32.8 -11.805555555555555
0.0 32.599999999999994 -11.944444444444445
-25.901270189221936 -12.696342007354072 -11.944444444444445
25.901270189221936 -12.696342007354072 -11.944444444444445
0.0 32.599999999999994 -11.944444444444445
0.0 32.4 -12.083333333333334
-25.701270189221937 -12.554920651116763 -12.083333333333334
25.701270189221937 -12.554920651116763 -12.083333333333334
0.0 32.4 -12.083333333333334
0.0 32.2 -12.222222222222223
-25.501270189221938 -12.413499294879454 -12.222222222222223
25.501270189221938 -12.413499294879454 -12.222222222222223
0.0 32.2 -12.222222222222223
0.0 32.0 -12.361111111111112
-25.30127018922194 -12.272077938642145 -12.361111111111112
25.30127018922194 -12.272077938642145 -12.361111111111112
0.0 32.0 -12.361111111111112
0.0 31.8 -12.5
-25.10127018922194 -12.130656582404836 -12.5
25.10127018922194 -12.130656582404836 -12.5
0.0 31.8 -12.5
0.0 31.599999999999998 -12.63888888888889
-24.901270189221936 -11.989235226167526 -12.63888888888889
24.901270189221936 -11.989235226167526 -12.63888888888889
0.0 31.599999999999998 -12.63888888888889
0.0 31.4 -12.777777777777779
-24.701270189221937 -11.847813869930215 -12.777777777777779
24.701270189221937 -11.847813869930215 -12.777777777777779
0.0 31.4 -12.777777777777779
0.0 31.2 -12.916666666666668
-24.501270189221938 -11.706392513692906 -12.916666666666668
24.501270189221938 -11.706392513692906 -12.916666666666668
0.0 31.2 -12.916666666666668
0.0 31.0 -13.055555555555555
-24.30127018922194 -11.564971157455597 -13.055555555555555
24.30127018922194 -11.564971157455597 -13.055555555555555
0.0 31.0 -13.055555555555555
0.0 30.799999999999997 -13.194444444444445
-24.101270189221935 -11.423549801218288 -13.194444444444445
24.101270189221935 -11.423549801218288 -13.194444444444445
0.0 30.799999999999997 -13.194444444444445
0.0 30.599999999999998 -13.333333333333334
-23.901270189221936 -11.282128444980978 -13.333333333333334
23.901270189221936 -11.282128444980978 -13.333333333333334
0.0 30.599999999999998 -13.333333333333334
0.0 30.4 -13.472222222222223
-23.701270189221937 -11.14070708874367 -13.472222222222223
23.701270189221937 -11.14070708874367 -13.472222222222223
0.0 30.4 -13.472222222222223
0.0 30.2 -13.611111111111112
-23.501270189221938 -10.99928573250636 -13.611111111111112
23.501270189221938 -10.99928573250636 -13.611111111111112
0.0 30.2 -13.611111111111112
0.0 30.0 -13.75
-23.30127018922194 -10.857864376269049 -13.75
23.30127018922194 -10.857864376269049 -13.75
0.0 30.0 -13.75
0.0 29.799999999999997 -13.88888888888889
-23.101270189221935 -10.71644302003174 -13.88888888888889
23.101270189221935 -10.71644302003174 -13.88888888888889
0.0 29.799999999999997 -13.88888888888889
0.0 29.599999999999998 -14.027777777777779
-22.901270189221936 -10.57502166379443 -14.027777777777779
22.901270189221936 -10.57502166379443 -14.027777777777779
0.0 29.599999999999998 -14.027777777777779
0.0 29.4 -14.166666666666668
-22.701270189221937 -10.433600307557121 -14.166666666666668
22.701270189221937 -10.433600307557121 -14.166666666666668
0.0 29.4 -14.166666666666668
0.0 29.2 -14.305555555555555
-22.501270189221938 -10.292178951319812 -14.305555555555555
22.501270189221938 -10.292178951319812 -14.305555555555555
0.0 29.2 -14.305555555555555
0.0 29.0 -14.444444444444445
-22.30127018922194 -10.150757595082503 -14.444444444444445
22.30127018922194 -10.150757595082503 -14.444444444444445
0.0 29.0 -14.444444444444445
0.0 28.799999999999997 -14.583333333333334
-22.101270189221935 -10.009336238845192 -14.583333333333334
22.101270189221935 -10.009336238845192 -14.583333333333334
0.0 28.799999999999997 -14.583333333333334
0.0 28.599999999999998 -14.722222222222223
-21.901270189221936 -9.867914882607883 -14.722222222222223
21.901270189221936 -9.867914882607883 -14.722222222222223
0.0 28.599999999999998 -14.722222222222223
0.0 28.4 -14.861111111111112
-21.701270189221937 -9.726493526370573 -14.861111111111112
21.701270189221937 -9.726493526370573 -14.861111111111112
0.0 28.4 -14.861111111111112
0.0 28.2 -15.0
-21.501270189221938 -9.585072170133264 -15.0
21.501270189221938 -9.585072170133264 -15.0
0.0 28.2 -15.0
0.0 28.0 -15.13888888888889
-21.30127018922194 -9.443650813895955 -15.13888888888889
21.30127018922194 -9.443650813895955 -15.13888888888889
0.0 28.0 -15.13888888888889
0.0 27.799999999999997 -15.277777777777779
-21.101270189221935 -9.302229457658646 -15.277777777777779
21.101270189221935 -9.302229457658646 -15.277777777777779
0.0 27.799999999999997 -15.277777777777779
0.0 27.599999999999998 -15.416666666666668
-20.901270189221936 -9.160808101421335 -15.416666666666668
20.901270189221936 -9.160808101421335 -15.416666666666668
0.0 27.599999999999998 -15.416666666666668
0.0 27.4 -15.555555555555557
-20.701270189221937 -9.019386745184026 -15.555555555555557
20.701270189221937 -9.019386745184026 -15.555555555555557
0.0 27.4 -15.555555555555557
0.0 27.2 -15.694444444444445
-20.501270189221938 -8.877965388946716 -15.694444444444445
20.501270189221938 -8.877965388946716 -15.694444444444445
0.0 27.2 -15.694444444444445
0.0 27.0 -15.833333333333334
-20.30127018922194 -8.736544032709407 -15.833333333333334
20.30127018922194 -8.736544032709407 -15.833333333333334
0.0 27.0 -15.833333333333334
0.0 26.799999999999997 -15.972222222222223
-20.101270189221935 -8.595122676472098 -15.972222222222223
20.101270189221935 -8.595122676472098 -15.972222222222223
0.0 26.799999999999997 -15.972222222222223
0.0 26.599999999999998 -16.11111111111111
-19.901270189221936 -8.453701320234789 -16.11111111111111
19.901270189221936 -8.453701320234789 -16.11111111111111
0.0 26.599999999999998 -16.11111111111111
0.0 26.4 -16.25
-19.701270189221937 -8.31227996399748 -16.25
19.701270189221937 -8.31227996399748 -16.25
0.0 26.4 -16.25
0.0 26.2 -16.38888888888889
-19.501270189221938 -8.17085860776017 -16.38888888888889
19.501270189221938 -8.17085860776017 -16.38888888888889
0.0 26.2 -16.38888888888889
0.0 26.0 -16.52777777777778
-19.30127018922194 -8.029437251522861 -16.52777777777778
19.30127018922194 -8.029437251522861 -16.52777777777778
0.0 26.0 -16.52777777777778
0.0 25.799999999999997 -16.666666666666668
-19.101270189221935 -7.888015895285552 -16.666666666666668
19.101270189221935 -7.888015895285552 -16.666666666666668
0.0 25.799999999999997 -16.666666666666668
0.0 25.599999999999998 -16.805555555555557
-18.901270189221936 -7.746594539048239 -16.805555555555557
18.901270189221936 -7.746594539048239 -16.805555555555557
0.0 25.599999999999998 -16.805555555555557
0.0 25.4 -16.944444444444446
-18.701270189221937 -7.60517318281093 -16.944444444444446
18.701270189221937 -7.60517318281093 -16.944444444444446
0.0 25.4 -16.944444444444446
0.0 25.2 -17.083333333333336
-18.501270189221938 -7.4637518265736205 -17.083333333333336
18.501270189221938 -7.4637518265736205 -17.083333333333336
0.0 25.2 -17.083333333333336
0.0 25.0 -17.22222222222222
-18.30127018922194 -7.322330470336311 -17.22222222222222
18.30127018922194 -7.322330470336311 -17.22222222222222
0.0 25.0 -17.22222222222222
0.0 24.799999999999997 -17.36111111111111
-18.101270189221935 -7.180909114099002 -17.36111111111111
18.101270189221935 -7.180909114099002 -17.36111111111111
0.0 24.799999999999997 -17.36111111111111
0.0 24.599999999999998 -17.5
-17.901270189221936 -7.039487757861693 -17.5
17.901270189221936 -7.039487757861693 -17.5
0.0 24.599999999999998 -17.5
0.0 24.4 -17.63888888888889
-17.701270189221937 -6.898066401624384 -17.63888888888889
17.701270189221937 -6.898066401624384 -17.63888888888889
0.0 24.4 -17.63888888888889
0.0 24.2 -17.77777777777778
-17.501270189221938 -6.756645045387074 -17.77777777777778
17.501270189221938 -6.756645045387074 -17.77777777777778
0.0 24.2 -17.77777777777778
0.0 24.0 -17.916666666666668
-17.30127018922194 -6.615223689149765 -17.916666666666668
17.30127018922194 -6.615223689149765 -17.916666666666668
0.0 24.0 -17.916666666666668
0.0 23.799999999999997 -18.055555555555557
-17.101270189221935 -6.473802332912456 -18.055555555555557
17.101270189221935 -6.473802332912456 -18.055555555555557
0.0 23.799999999999997 -18.055555555555557
0.0 23.599999999999998 -18.194444444444446
-16.901270189221936 -6.332380976675147 -18.194444444444446
16.901270189221936 -6.332380976675147 -18.194444444444446
0.0 23.599999999999998 -18.194444444444446
0.0 23.4 -18.333333333333336
-16.701270189221937 -6.190959620437837 -18.333333333333336
16.701270189221937 -6.190959620437837 -18.333333333333336
0.0 23.4 -18.333333333333336
0.0 23.2 -18.47222222222222
-16.501270189221938 -6.049538264200528 -18.47222222222222
16.501270189221938 -6.049538264200528 -18.47222222222222
0.0 23.2 -18.47222222222222
0.0 23.0 -18.61111111111111
-16.30127018922194 -5.908116907963215 -18.61111111111111
16.30127018922194 -5.908116907963215 -18.61111111111111
0.0 23.0 -18.61111111111111
0.0 22.799999999999997 -18.75
-16.101270189221935 -5.766695551725906 -18.75
16.101270189221935 -5.766695551725906 -18.75
0.0 22.799999999999997 -18.75
0.0 22.599999999999998 -18.88888888888889
-15.901270189221936 -5.625274195488597 -18.88888888888889
15.901270189221936 -5.625274195488597 -18.88888888888889
0.0 22.599999999999998 -18.88888888888889
0.0 22.4 -19.02777777777778
-15.701270189221937 -5.483852839251288 -19.02777777777778
15.701270189221937 -5.483852839251288 -19.02777777777778
0.0 22.4 -19.02777777777778
0.0 22.2 -19.166666666666668
-15.501270189221938 -5.3424314830139785 -19.166666666666668
15.501270189221938 -5.3424314830139785 -19.166666666666668
0.0 22.2 -19.166666666666668
0.0 22.0 -19.305555555555557
-15.301270189221938 -5.201010126776669 -19.305555555555557
15.301270189221938 -5.201010126776669 -19.305555555555557
0.0 22.0 -19.305555555555557
0.0 21.799999999999997 -19.444444444444446
-15.101270189221935 -5.05958877053936 -19.444444444444446
15.101270189221935 -5.05958877053936 -19.444444444444446
0.0 21.799999999999997 -19.444444444444446
0.0 21.599999999999998 -19.583333333333336
-14.901270189221936 -4.918167414302051 -19.583333333333336
14.901270189221936 -4.918167414302051 -19.583333333333336
0.0 21.599999999999998 -19.583333333333336
0.0 21.4 -19.72222222222222
-14.701270189221937 -4.776746058064742 -19.72222222222222
14.701270189221937 -4.776746058064742 -19.72222222222222
0.0 21.4 -19.72222222222222
0.0 21.2 -19.86111111111111
-14.501270189221938 -4.635324701827432 -19.86111111111111
14.501270189221938 -4.635324701827432 -19.86111111111111
0.0 21.2 -19.86111111111111
0.0 21.0 -20.0
-14.301270189221938 -4.493903345590123 -20.0
14.301270189221938 -4.493903345590123 -20.0
0.0 21.0 -20.0
0.0 20.799999999999997 -20.13888888888889
-14.101270189221935 -4.352481989352814 -20.13888888888889
14.101270189221935 -4.352481989352814 -20.13888888888889
0.0 20.799999999999997 -20.13888888888889
0.0 20.599999999999998 -20.27777777777778
-13.901270189221936 -4.211060633115505 -20.27777777777778
13.901270189221936 -4.211060633115505 -20.27777777777778
0.0 20.599999999999998 -20.27777777777778
0.0 20.4 -20.416666666666668
-13.701270189221937 -4.069639276878192 -20.416666666666668
13.701270189221937 -4.069639276878192 -20.416666666666668
0.0 20.4 -20.416666666666668
0.0 20.2 -20.555555555555557
-13.501270189221938 -3.9282179206408827 -20.555555555555557
13.501270189221938 -3.9282179206408827 -20.555555555555557
0.0 20.2 -20.555555555555557
0.0 20.0 -20.694444444444446
-13.301270189221938 -3.7867965644035735 -20.694444444444446
13.301270189221938 -3.7867965644035735 -20.694444444444446
0.0 20.0 -20.694444444444446
0.0 19.799999999999997 -20.833333333333336
-13.101270189221935 -3.6453752081662643 -20.833333333333336
13.101270189221935 -3.6453752081662643 -20.833333333333336
0.0 19.799999999999997 -20.833333333333336
0.0 19.599999999999998 -20.97222222222222
-12.901270189221936 -3.503953851928955 -20.97222222222222
12.901270189221936 -3.503953851928955 -20.97222222222222
0.0 19.599999999999998 -20.97222222222222
0.0 19.4 -21.11111111111111
-12.701270189221937 -3.362532495691646 -21.11111111111111
12.701270189221937 -3.362532495691646 -21.11111111111111
0.0 19.4 -21.11111111111111
0.0 19.2 -21.25
-12.501270189221938 -3.2211111394543366 -21.25
12.501270189221938 -3.2211111394543366 -21.25
0.0 19.2 -21.25
0.0 19.0 -21.38888888888889
-12.301270189221938 -3.0796897832170274 -21.38888888888889
12.301270189221938 -3.0796897832170274 -21.38888888888889
0.0 19.0 -21.38888888888889
0.0 18.799999999999997 -21.52777777777778
-12.101270189221935 -2.938268426979718 -21.52777777777778
12.101270189221935 -2.938268426979718 -21.52777777777778
0.0 18.799999999999997 -21.52777777777778
0.0 18.599999999999998 -21.666666666666668
-11.901270189221936 -2.796847070742409 -21.666666666666668
11.901270189221936 -2.796847070742409 -21.666666666666668
0.0 18.599999999999998 -21.666666666666668
0.0 18.4 -21.805555555555557
-11.701270189221937 -2.6554257145050997 -21.805555555555557
11.701270189221937 -2.6554257145050997 -21.805555555555557
0.0 18.4 -21.805555555555557
0.0 18.2 -21.944444444444446
-11.501270189221938 -2.5140043582677905 -21.944444444444446
11.501270189221938 -2.5140043582677905 -21.944444444444446
0.0 18.2 -21.944444444444446
0.0 18.0 -22.083333333333336
-11.301270189221938 -2.3725830020304812 -22.083333333333336
11.301270189221938 -2.3725830020304812 -22.083333333333336
0.0 18.0 -22.083333333333336
0.0 17.799999999999997 -22.22222222222222
-11.101270189221935 -2.2311616457931684 -22.22222222222222
11.101270189221935 -2.2311616457931684 -22.22222222222222
0.0 17.799999999999997 -22.22222222222222
0.0 17.6 -22.36111111111111
-10.90127018922194 -2.089740289555859 -22.36111111111111
10.90127018922194 -2.089740289555859 -22.36111111111111
0.0 17.6 -22.36111111111111
0.0 17.4 -22.5
-10.701270189221937 -1.94831893331855 -22.5
10.701270189221937 -1.94831893331855 -22.5
0.0 17.4 -22.5
0.0 17.199999999999996 -22.63888888888889
-10.501270189221934 -1.8068975770812408 -22.63888888888889
10.501270189221934 -1.8068975770812408 -22.63888888888889
0.0 17.199999999999996 -22.63888888888889
0.0 17.0 -22.77777777777778
-10.301270189221938 -1.6654762208439315 -22.77777777777778
10.301270189221938 -1.6654762208439315 -22.77777777777778
0.0 17.0 -22.77777777777778
0.0 16.799999999999997 -22.916666666666668
-10.101270189221935 -1.5240548646066223 -22.916666666666668
10.101270189221935 -1.5240548646066223 -22.916666666666668
0.0 16.799999999999997 -22.916666666666668
0.0 16.6 -23.055555555555557
-9.90127018922194 -1.382633508369313 -23.055555555555557
9.90127018922194 -1.382633508369313 -23.055555555555557
0.0 16.6 -23.055555555555557
0.0 16.4 -23.194444444444446
-9.701270189221937 -1.2412121521320039 -23.194444444444446
9.701270189221937 -1.2412121521320039 -23.194444444444446
0.0 16.4 -23.194444444444446
0.0 16.199999999999996 -23.333333333333336
-9.501270189221934 -1.0997907958946946 -23.333333333333336
9.501270189221934 -1.0997907958946946 -23.333333333333336
0.0 16.199999999999996 -23.333333333333336
0.0 16.0 -23.472222222222225
-9.301270189221938 -0.9583694396573854 -23.472222222222225
9.301270189221938 -0.9583694396573854 -23.472222222222225
0.0 16.0 -23.472222222222225
0.0 15.799999999999997 -23.61111111111111
-9.101270189221935 -0.8169480834200762 -23.61111111111111
9.101270189221935 -0.8169480834200762 -23.61111111111111
0.0 15.799999999999997 -23.61111111111111
0.0 15.600000000000001 -23.75
-8.90127018922194 -0.675526727182767 -23.75
8.90127018922194 -0.675526727182767 -23.75
0.0 15.600000000000001 -23.75
0.0 15.399999999999999 -23.88888888888889
-8.701270189221937 -0.5341053709454542 -23.88888888888889
8.701270189221937 -0.5341053709454542 -23.88888888888889
0.0 15.399999999999999 -23.88888888888889
0.0 15.199999999999996 -24.02777777777778
-8.501270189221934 -0.39268401470814496 -24.02777777777778
8.501270189221934 -0.39268401470814496 -24.02777777777778
0.0 15.199999999999996 -24.02777777777778
0.0 15.0 -24.166666666666668
-8.301270189221938 -0.25126265847083573 -24.166666666666668
8.301270189221938 -0.25126265847083573 -24.166666666666668
0.0 15.0 -24.166666666666668
0.0 14.799999999999997 -24.305555555555557
-8.101270189221935 -0.1098413022335265 -24.305555555555557
8.101270189221935 -0.1098413022335265 -24.305555555555557
0.0 14.799999999999997 -24.305555555555557
0.0 14.600000000000001 -24.444444444444446
-7.90127018922194 0.03158005400378272 -24.444444444444446
7.90127018922194 0.03158005400378272 -24.444444444444446
0.0 14.600000000000001 -24.444444444444446
0.0 14.399999999999999 -24.583333333333336
-7.701270189221937 0.17300141024109195 -24.583333333333336
7.701270189221937 0.17300141024109195 -24.583333333333336
0.0 14.399999999999999 -24.583333333333336
0.0 14.199999999999996 -24.722222222222225
-7.501270189221934 0.31442276647840117 -24.722222222222225
7.501270189221934 0.31442276647840117 -24.722222222222225
0.0 14.199999999999996 -24.722222222222225
0.0 14.0 -24.86111111111111
-7.301270189221938 0.4558441227157104 -24.86111111111111
7.301270189221938 0.4558441227157104 -24.86111111111111
0.0 14.0 -24.86111111111111
0.0 13.799999999999997 -25.0
-7.101270189221935 0.5972654789530196 -25.0
7.101270189221935 0.5972654789530196 -25.0
0.0 13.799999999999997 -25.0
0.0 13.600000000000001 -25.13888888888889
-6.90127018922194 0.7386868351903288 -25.13888888888889
6.90127018922194 0.7386868351903288 -25.13888888888889
0.0 13.600000000000001 -25.13888888888889
0.0 13.399999999999999 -25.27777777777778
-6.701270189221937 0.8801081914276381 -25.27777777777778
6.701270189221937 0.8801081914276381 -25.27777777777778
0.0 13.399999999999999 -25.27777777777778
0.0 13.199999999999996 -25.416666666666668
-6.501270189221934 1.0215295476649473 -25.416666666666668
6.501270189221934 1.0215295476649473 -25.416666666666668
0.0 13.199999999999996 -25.416666666666668
0.0 13.0 -25.555555555555557
-6.301270189221938 1.1629509039022565 -25.555555555555557
6.301270189221938 1.1629509039022565 -25.555555555555557
0.0 13.0 -25.555555555555557
0.0 12.799999999999997 -25.694444444444446
-6.101270189221935 1.3043722601395693 -25.694444444444446
6.101270189221935 1.3043722601395693 -25.694444444444446
0.0 12.799999999999997 -25.694444444444446
0.0 12.600000000000001 -25.833333333333336
-5.90127018922194 1.4457936163768785 -25.833333333333336
5.90127018922194 1.4457936163768785 -25.833333333333336
0.0 12.600000000000001 -25.833333333333336
0.0 12.399999999999999 -25.972222222222225
-5.701270189221937 1.5872149726141878 -25.972222222222225
5.701270189221937 1.5872149726141878 -25.972222222222225
0.0 12.399999999999999 -25.972222222222225
0.0 12.199999999999996 -26.11111111111111
-5.501270189221934 1.728636328851497 -26.11111111111111
5.501270189221934 1.728636328851497 -26.11111111111111
0.0 12.199999999999996 -26.11111111111111
0.0 12.0 -26.25
-5.301270189221938 1.8700576850888062 -26.25
5.301270189221938 1.8700576850888062 -26.25
0.0 12.0 -26.25
0.0 11.799999999999997 -26.38888888888889
-5.101270189221935 2.0114790413261154 -26.38888888888889
5.101270189221935 2.0114790413261154 -26.38888888888889
0.0 11.799999999999997 -26.38888888888889
0.0 11.599999999999994 -26.52777777777778
-4.901270189221933 2.1529003975634247 -26.52777777777778
4.901270189221933 2.1529003975634247 -26.52777777777778
0.0 11.599999999999994 -26.52777777777778
0.0 11.399999999999999 -26.666666666666668
-4.701270189221937 2.294321753800734 -26.666666666666668
4.701270189221937 2.294321753800734 -26.666666666666668
0.0 11.399999999999999 -26.666666666666668
0.0 11.199999999999996 -26.805555555555557
-4.501270189221934 2.435743110038043 -26.805555555555557
4.501270189221934 2.435743110038043 -26.805555555555557
0.0 11.199999999999996 -26.805555555555557
0.0 11.0 -26.944444444444446
-4.301270189221938 2.5771644662753523 -26.944444444444446
4.301270189221938 2.5771644662753523 -26.944444444444446
0.0 11.0 -26.944444444444446
0.0 10.799999999999997 -27.083333333333336
-4.101270189221935 2.7185858225126616 -27.083333333333336
4.101270189221935 2.7185858225126616 -27.083333333333336
0.0 10.799999999999997 -27.083333333333336
0.0 10.599999999999994 -27.222222222222225
-3.9012701892219326 2.860007178749971 -27.222222222222225
3.9012701892219326 2.860007178749971 -27.222222222222225
0.0 10.599999999999994 -27.222222222222225
0.0 10.399999999999999 -27.36111111111111
-3.701270189221937 3.00142853498728 -27.36111111111111
3.701270189221937 3.00142853498728 -27.36111111111111
0.0 10.399999999999999 -27.36111111111111
0.0 10.199999999999996 -27.5
-3.501270189221934 3.142849891224593 -27.5
3.501270189221934 3.142849891224593 -27.5
0.0 10.199999999999996 -27.5
0.0 10.0 -27.63888888888889
-3.3012701892219383 3.284271247461902 -27.63888888888889
3.3012701892219383 3.284271247461902 -27.63888888888889
0.0 10.0 -27.63888888888889
0.0 9.799999999999997 -27.77777777777778
-3.1012701892219354 3.4256926036992112 -27.77777777777778
3.1012701892219354 3.4256926036992112 -27.77777777777778
0.0 9.799999999999997 -27.77777777777778
0.0 9.599999999999994 -27.916666666666668
-2.9012701892219326 3.5671139599365205 -27.916666666666668
2.9012701892219326 3.5671139599365205 -27.916666666666668
0.0 9.599999999999994 -27.916666666666668
0.0 9.399999999999999 -28.055555555555557
-2.701270189221937 3.7085353161738297 -28.055555555555557
2.701270189221937 3.7085353161738297 -28.055555555555557
0.0 9.399999999999999 -28.055555555555557
0.0 9.199999999999996 -28.194444444444446
-2.501270189221934 3.849956672411139 -28.194444444444446
2.501270189221934 3.849956672411139 -28.194444444444446
0.0 9.199999999999996 -28.194444444444446
0.0 9.0 -28.333333333333336
-2.3012701892219383 3.991378028648448 -28.333333333333336
2.3012701892219383 3.991378028648448 -28.333333333333336
0.0 9.0 -28.333333333333336
0.0 8.799999999999997 -28.472222222222225
-2.1012701892219354 4.132799384885757 -28.472222222222225
2.1012701892219354 4.132799384885757 -28.472222222222225
0.0 8.799999999999997 -28.472222222222225
0.0 8.599999999999994 -28.61111111111111
-1.9012701892219326 4.274220741123067 -28.61111111111111
1.9012701892219326 4.274220741123067 -28.61111111111111
0.0 8.599999999999994 -28.61111111111111
0.0 8.399999999999999 -28.75
-1.7012701892219368 4.415642097360376 -28.75
1.7012701892219368 4.415642097360376 -28.75
0.0 8.399999999999999 -28.75
0.0 8.199999999999996 -28.88888888888889
-1.501270189221934 4.557063453597685 -28.88888888888889
1.501270189221934 4.557063453597685 -28.88888888888889
0.0 8.199999999999996 -28.88888888888889
0.0 8.0 -29.02777777777778
-1.3012701892219383 4.698484809834994 -29.02777777777778
1.3012701892219383 4.698484809834994 -29.02777777777778
0.0 8.0 -29.02777777777778
0.0 7.799999999999997 -29.166666666666668
-1.1012701892219354 4.8399061660723035 -29.166666666666668
1.1012701892219354 4.8399061660723035 -29.166666666666668
0.0 7.799999999999997 -29.166666666666668
0.0 7.599999999999994 -29.305555555555557
-0.9012701892219326 4.981327522309616 -29.305555555555557
0.9012701892219326 4.981327522309616 -29.305555555555557
0.0 7.599999999999994 -29.305555555555557
0.0 7.399999999999999 -29.444444444444446
-0.7012701892219368 5.1227488785469255 -29.444444444444446
0.7012701892219368 5.1227488785469255 -29.444444444444446
0.0 7.399999999999999 -29.444444444444446
0.0 7.199999999999996 -29.583333333333336
-0.501270189221934 5.264170234784235 -29.583333333333336
0.501270189221934 5.264170234784235 -29.583333333333336
0.0 7.199999999999996 -29.583333333333336
0.0 7.0 -29.722222222222225
-0.30127018922193827 5.405591591021544 -29.722222222222225
0.30127018922193827 5.405591591021544 -29.722222222222225
0.0 7.0 -29.722222222222225
